Ten random numbers from 0 to 99

217
206
219
218
172
153
9
186
82
141
184
225
147
137
40
172
230
122
129
50
122
24
40
33
176
1
72
77
80
90
133
105
146
116
182
58
48
229
185
137
210
223
210
200
154
85
22
40
65
107
213
49
177
87
215
33
52
150
0
98
69
104
38
86
85
39
138
61
169
133
69
9
209
53
221
208
172
123
55
187
130
183
111
222
41
222
126
16
189
106
187
147
113
44
13
142
162
176
175
10
158
137
101
107
65
13
46
217
128
155
83
31
129
211
198
193
178
181
142
108
177
126
210
57
28
79
139
3
66
118
151
58
97
226
2
151
192
122
168
43
72
30
209
186
87
209
107
116
117
69
206
134
90
33
60
148
87
23
71
187
147
10
111
21
177
215
172
189
96
129
25
149
155
179
49
157
42
216
118
109
72
101
127
77
30
91
82
164
208
110
26
167
87
26
106
83
182
32
114
141
64
228
1
208
65
162
188
72
124
136
174
190
85
214
41
91
7
12
115
49
16
44
27
150
220
201
198
36
0
78
77
206
Ten random numbers from 0 to 99

217
206
219
218
172
153
9
186
82
141
184
225
147
137
40
172
230
122
129
50
122
24
40
33
176
1
72
77
80
90
133
105
146
116
182
58
48
229
185
137
210
223
210
200
154
85
22
40
65
107
213
49
177
87
215
33
52
150
0
98
69
104
38
86
85
39
138
61
169
133
69
9
209
53
221
208
172
123
55
187
130
183
111
222
41
222
126
16
189
106
187
147
113
44
13
142
162
176
175
10
158
137
101
107
65
13
46
217
128
155
83
31
129
211
198
193
178
181
142
108
177
126
210
57
28
79
139
3
66
118
151
58
97
226
2
151
192
122
168
43
72
30
209
186
87
209
107
116
117
69
206
134
90
33
60
148
87
23
71
187
147
10
111
21
177
215
172
189
96
129
25
149
155
179
49
157
42
216
118
109
72
101
127
77
30
91
82
164
208
110
26
167
87
26
106
83
182
32
114
141
64
228
1
208
65
162
188
72
124
136
174
190
85
214
41
91
7
12
115
49
16
44
27
150
220
201
198
36
0
78
77
206
Ten random numbers from 0 to 99

217
206
219
218
172
153
9
186
82
141
184
225
147
137
40
172
230
122
129
50
122
24
40
33
176
1
72
77
80
90
133
105
146
116
182
58
48
229
185
137
210
223
210
200
154
85
22
40
65
107
213
49
177
87
215
33
52
150
0
98
69
104
38
86
85
39
138
61
169
133
69
9
209
53
221
208
172
123
55
187
130
183
111
222
41
222
126
16
189
106
187
147
113
44
13
142
162
176
175
10
158
137
101
107
65
13
46
217
128
155
83
31
129
211
198
193
178
181
142
108
177
126
210
57
28
79
139
3
66
118
151
58
97
226
2
151
192
122
168
43
72
30
209
186
87
209
107
116
117
69
206
134
90
33
60
148
87
23
71
187
147
10
111
21
177
215
172
189
96
129
25
149
155
179
49
157
42
216
118
109
72
101
127
77
30
91
82
164
208
110
26
167
87
26
106
83
182
32
114
141
64
228
1
208
65
162
188
72
124
136
174
190
85
214
41
91
7
12
115
49
16
44
27
150
220
201
198
36
0
78
77
206
Ten random numbers from 0 to 99

217
206
219
218
172
153
9
186
82
141
184
225
147
137
40
172
230
122
129
50
122
24
40
33
176
1
72
77
80
90
133
105
146
116
182
58
48
229
185
137
210
223
210
200
154
85
22
40
65
107
213
49
177
87
215
33
52
150
0
98
69
104
38
86
85
39
138
61
169
133
69
9
209
53
221
208
172
123
55
187
130
183
111
222
41
222
126
16
189
106
187
147
113
44
13
142
162
176
175
10
158
137
101
107
65
13
46
217
128
155
83
31
129
211
198
193
178
181
142
108
177
126
210
57
28
79
139
3
66
118
151
58
97
226
2
151
192
122
168
43
72
30
209
186
87
209
107
116
117
69
206
134
90
33
60
148
87
23
71
187
147
10
111
21
177
215
172
189
96
129
25
149
155
179
49
157
42
216
118
109
72
101
127
77
30
91
82
164
208
110
26
167
87
26
106
83
182
32
114
141
64
228
1
208
65
162
188
72
124
136
174
190
85
214
41
91
7
12
115
49
16
44
27
150
220
201
198
36
0
78
77
206
Ten random numbers from 0 to 99

217
206
219
218
172
153
9
186
82
141
184
225
147
137
40
172
230
122
129
50
122
24
40
33
176
1
72
77
80
90
133
105
146
116
182
58
48
229
185
137
210
223
210
200
154
85
22
40
65
107
213
49
177
87
215
33
52
150
0
98
69
104
38
86
85
39
138
61
169
133
69
9
209
53
221
208
172
123
55
187
130
183
111
222
41
222
126
16
189
106
187
147
113
44
13
142
162
176
175
10
158
137
101
107
65
13
46
217
128
155
83
31
129
211
198
193
178
181
142
108
177
126
210
57
28
79
139
3
66
118
151
58
97
226
2
151
192
122
168
43
72
30
209
186
87
209
107
116
117
69
206
134
90
33
60
148
87
23
71
187
147
10
111
21
177
215
172
189
96
129
25
149
155
179
49
157
42
216
118
109
72
101
127
77
30
91
82
164
208
110
26
167
87
26
106
83
182
32
114
141
64
228
1
208
65
162
188
72
124
136
174
190
85
214
41
91
7
12
115
49
16
44
27
150
220
201
198
36
0
78
77
206
